arr: [[0.64635762]]
sottomatrice: []
trasposta: [[0.64635762]]
somma: 0.6463576217422635
