arr: [0.0, 0.20408163265306123, 0.40816326530612246, 0.6122448979591837, 0.8163265306122449, 1.0204081632653061, 1.2244897959183674, 1.4285714285714286, 1.6326530612244898, 1.836734693877551, 2.0408163265306123, 2.2448979591836737, 2.4489795918367347, 2.6530612244897958, 2.857142857142857, 3.0612244897959187, 3.2653061224489797, 3.4693877551020407, 3.673469387755102, 3.8775510204081636, 4.081632653061225, 4.285714285714286, 4.4897959183673475, 4.6938775510204085, 4.8979591836734695, 5.1020408163265305, 5.3061224489795915, 5.510204081632653, 5.714285714285714, 5.918367346938775, 6.122448979591837, 6.326530612244898, 6.530612244897959, 6.73469387755102, 6.938775510204081, 7.142857142857143, 7.346938775510204, 7.551020408163265, 7.755102040816327, 7.959183673469388, 8.16326530612245, 8.36734693877551, 8.571428571428571, 8.775510204081632, 8.979591836734695, 9.183673469387756, 9.387755102040817, 9.591836734693878, 9.795918367346939, 10.0]
sum: [0.2921041407003989, 1.15158607956419, 0.7816036152618128, 0.8206129750249033, 1.399208748360603, 1.088414095953028, 1.8951355741115683, 1.541713822536403, 2.316001229498594, 2.544389000921646, 2.122538557359675, 3.10541071235118, 2.571747924920945, 3.371645408672965, 3.3718548487929167, 4.052097199321608, 3.686979102010899, 4.294070383712465, 4.046785730643874, 4.01033333385077, 4.6980843711895535, 5.031840842844518, 5.034028834809801, 5.500427194005528, 5.73272665087833, 5.549818560630889, 5.439021226781198, 6.376200921623528, 5.848214210738305, 6.861269707349558, 6.663039860718233, 7.2331195438704405, 7.021462154320565, 7.653786563063305, 7.15520208566368, 7.840899350525773, 8.184491364105385, 7.705234866410162, 8.647805460076317, 8.729292094433363, 8.450767998160568, 8.489082131644738, 8.755071608357241, 9.264630759340365, 9.393876422183492, 9.289364006490592, 9.410175268734873, 10.04944811686207, 10.352439953115008, 10.680290262697836]
sum2: 275.50534487519565
sum3: 188.77551020408163
