arr: [[0.84958638 0.1852726  0.11874614 0.0577571  0.17669867]
 [0.95139197 0.15285995 0.04769728 0.49488564 0.16066713]
 [0.19837989 0.6377771  0.20945309 0.18598433 0.24905609]
 [0.01693126 0.28575176 0.2834506  0.52407697 0.2247509 ]
 [0.96861505 0.67726262 0.51411101 0.96734394 0.65077268]]
sottomatrice: [[0.15285995 0.04769728 0.49488564]
 [0.6377771  0.20945309 0.18598433]
 [0.28575176 0.2834506  0.52407697]]
trasposta: [[0.84958638 0.95139197 0.19837989 0.01693126 0.96861505]
 [0.1852726  0.15285995 0.6377771  0.28575176 0.67726262]
 [0.11874614 0.04769728 0.20945309 0.2834506  0.51411101]
 [0.0577571  0.49488564 0.18598433 0.52407697 0.96734394]
 [0.17669867 0.16066713 0.24905609 0.2247509  0.65077268]]
somma: 9.789280146894864
