arr: [[0.96931233 0.48591995 0.07128473 0.40887071 0.65871362]
 [0.09894187 0.25594379 0.98054714 0.92267315 0.7008657 ]
 [0.56178474 0.18049406 0.48801389 0.62888785 0.16348584]
 [0.33520477 0.33800614 0.82760854 0.83800637 0.51379688]
 [0.61099492 0.66065922 0.14884813 0.16220565 0.53263044]]
sum: [[0.25594379 0.98054714 0.92267315]
 [0.18049406 0.48801389 0.62888785]
 [0.33800614 0.82760854 0.83800637]]
sum3: [[0.96931233 0.09894187 0.56178474 0.33520477 0.61099492]
 [0.48591995 0.25594379 0.18049406 0.33800614 0.66065922]
 [0.07128473 0.98054714 0.48801389 0.82760854 0.14884813]
 [0.40887071 0.92267315 0.62888785 0.83800637 0.16220565]
 [0.65871362 0.7008657  0.16348584 0.51379688 0.53263044]]
sum3: 12.543700406906023
