arr: [[0.66728417 0.92277527 0.99232687 0.63401141 0.61417608]
 [0.41309054 0.31976676 0.31643911 0.10483395 0.84045091]
 [0.36458516 0.23250023 0.2521709  0.97762289 0.39774224]
 [0.28704393 0.39624499 0.32871844 0.40039294 0.86467678]
 [0.31087992 0.86800595 0.9090158  0.78844275 0.29595166]]
sottomatrice: [[0.31976676 0.31643911 0.10483395]
 [0.23250023 0.2521709  0.97762289]
 [0.39624499 0.32871844 0.40039294]]
trasposta: [[0.66728417 0.41309054 0.36458516 0.28704393 0.31087992]
 [0.92277527 0.31976676 0.23250023 0.39624499 0.86800595]
 [0.99232687 0.31643911 0.2521709  0.32871844 0.9090158 ]
 [0.63401141 0.10483395 0.97762289 0.40039294 0.78844275]
 [0.61417608 0.84045091 0.39774224 0.86467678 0.29595166]]
somma: 13.499149658352762
moltiplicazione: [[0.65894801 0.18511899 0.85862281 0.08665104 0.11876554]
 [0.28407462 0.06661967 0.15814449 0.01122169 0.38874548]
 [0.02308934 0.21774675 0.0393295  0.33220497 0.06412358]
 [0.03046652 0.33523861 0.24788244 0.03612192 0.67732027]
 [0.0733669  0.45892054 0.39049483 0.75859909 0.18605499]]
media: 0.4548225214551572
det: -0.197097188813247
