arr: [0.0, 0.20408163265306123, 0.40816326530612246, 0.6122448979591837, 0.8163265306122449, 1.0204081632653061, 1.2244897959183674, 1.4285714285714286, 1.6326530612244898, 1.836734693877551, 2.0408163265306123, 2.2448979591836737, 2.4489795918367347, 2.6530612244897958, 2.857142857142857, 3.0612244897959187, 3.2653061224489797, 3.4693877551020407, 3.673469387755102, 3.8775510204081636, 4.081632653061225, 4.285714285714286, 4.4897959183673475, 4.6938775510204085, 4.8979591836734695, 5.1020408163265305, 5.3061224489795915, 5.510204081632653, 5.714285714285714, 5.918367346938775, 6.122448979591837, 6.326530612244898, 6.530612244897959, 6.73469387755102, 6.938775510204081, 7.142857142857143, 7.346938775510204, 7.551020408163265, 7.755102040816327, 7.959183673469388, 8.16326530612245, 8.36734693877551, 8.571428571428571, 8.775510204081632, 8.979591836734695, 9.183673469387756, 9.387755102040817, 9.591836734693878, 9.795918367346939, 10.0]
sum: [0.7635786219483788, 0.9829115446790104, 1.1299690565711007, 1.301686159835072, 1.6008591515895154, 1.2854198452611005, 1.9398634020861893, 2.155147795838379, 1.6978822724799154, 2.721156145268798, 2.221337111239225, 2.741454658794693, 2.6184938473280526, 2.8310392855384294, 3.2654168198589506, 4.027755648591675, 3.270864943329646, 3.6043282867195674, 4.490190958717161, 4.688095295424482, 4.7626720629259784, 5.057939440512156, 5.001511272842191, 5.103795184121358, 5.431648114599284, 5.109433971895306, 6.20592585337203, 6.1185763147950905, 5.926187444665427, 6.045784094233908, 6.416639120396453, 7.207640258293081, 7.256572116570664, 7.393719639670602, 7.372726221731025, 7.906947837220104, 7.913679085207886, 8.392985837323435, 8.36586271239618, 8.529411579376912, 8.396214999400685, 9.039225969935245, 9.249974369085917, 8.794819106919183, 8.980727783842994, 10.057772236254541, 10.328255117800492, 10.5521770309162, 9.930821941471127, 10.0112736403821]
sum2: 276.1983712092569
sum3: 188.77551020408163
